0.03242375601926164    0.1608346709470305    0.00032102728731942215    0.00032102728731942215    0.00032102728731942215    0.00032102728731942215    0.03242375601926164    0.00032102728731942215    0.2571428571428572    0.4497592295345105    0.00032102728731942215    0.00032102728731942215    0.00032102728731942215    0.03242375601926164    0.03242375601926164    
0.00012476606363069244    0.07498440424204615    0.00012476606363069244    0.050031191515907666    0.012601372426699937    0.025077978789769178    0.050031191515907666    0.00012476606363069244    0.037554585152838424    0.012601372426699937    0.025077978789769178    0.16232064878353086    0.5116656269494697    0.037554585152838424    0.00012476606363069244    
0.08469991546914624    0.06779374471682163    0.050887573964497036    0.13541842772612003    0.017075232459847847    0.017075232459847847    0.10160608622147084    0.03398140321217244    0.06779374471682163    0.08469991546914624    0.03398140321217244    0.08469991546914624    0.050887573964497036    0.10160608622147084    0.06779374471682163    
0.07314702308626975    0.12174969623329283    0.09744835965978128    0.02454434993924666    0.07314702308626975    0.00024301336573511544    0.00024301336573511544    0.00024301336573511544    0.07314702308626975    0.00024301336573511544    0.02454434993924666    0.07314702308626975    0.24325637910085054    0.19465370595382747    0.00024301336573511544    
0.030385487528344666    0.06061980347694632    0.01526832955404384    0.045502645502645496    0.12108843537414965    0.030385487528344666    0.4385487528344671    0.045502645502645496    0.06061980347694632    0.0001511715797430083    0.01526832955404384    0.0001511715797430083    0.12108843537414965    0.0001511715797430083    0.01526832955404384    
0.0001367053998632946    0.013807245386192754    0.06848940533151059    0.0001367053998632946    0.04114832535885167    0.04114832535885167    0.04114832535885167    0.013807245386192754    0.46493506493506487    0.02747778537252221    0.06848940533151059    0.12317156527682842    0.013807245386192754    0.05481886534518113    0.02747778537252221    
0.017368873602751505    0.00017196904557179707    0.12055030094582975    0.27532244196044714    0.05176268271711092    0.00017196904557179707    0.06895958727429062    0.00017196904557179707    0.10335339638865004    0.10335339638865004    0.00017196904557179707    0.00017196904557179707    0.08615649183147034    0.12055030094582975    0.05176268271711092    
0.18721745908028056    0.0936866718628215    0.046921278254091967    0.01574434918160561    0.0001558846453624318    0.01574434918160561    0.0936866718628215    0.10927513639906468    0.07809820732657832    0.046921278254091967    0.0936866718628215    0.03133281371784879    0.03133281371784879    0.06250974279033514    0.0936866718628215    
0.00011883541295306001    0.09518716577540107    0.012002376708259061    0.012002376708259061    0.012002376708259061    0.047653000594177056    0.14272133095662506    0.15460487225193106    0.08330362448009505    0.08330362448009505    0.023885918003565057    0.13083778966131906    0.07142008318478905    0.05953654188948306    0.07142008318478905    
0.00022650056625141563    0.06817667044167611    0.1361268403171008    0.00022650056625141563    0.00022650056625141563    0.00022650056625141563    0.02287655719139298    0.09082672706681766    0.02287655719139298    0.33997734994337486    0.02287655719139298    0.00022650056625141563    0.06817667044167611    0.11347678369195922    0.11347678369195922    
0.1473426001635323    0.16369582992641046    0.00016353229762878168    0.00016353229762878168    0.0982829108748978    0.01651676206050695    0.049223221586263285    0.08192968111201962    0.1473426001635323    0.01651676206050695    0.049223221586263285    0.03286999182338512    0.08192968111201962    0.08192968111201962    0.03286999182338512    
0.03286999182338512    0.06557645134914146    0.11463614063777595    0.00016353229762878168    0.049223221586263285    0.01651676206050695    0.01651676206050695    0.03286999182338512    0.01651676206050695    0.00016353229762878168    0.01651676206050695    0.3762878168438267    0.1473426001635323    0.01651676206050695    0.0982829108748978    
0.04089521871820956    0.0612410986775178    0.020549338758901324    0.08158697863682604    0.04089521871820956    0.00020345879959308242    0.08158697863682604    0.00020345879959308242    0.020549338758901324    0.020549338758901324    0.08158697863682604    0.020549338758901324    0.020549338758901324    0.46815869786368264    0.04089521871820956    
0.11279163314561545    0.00016090104585679806    0.016251005631536607    0.08061142397425583    0.048431214802896215    0.402413515687852    0.03234111021721641    0.09670152855993563    0.016251005631536607    0.00016090104585679806    0.03234111021721641    0.00016090104585679806    0.09670152855993563    0.06452131938857603    0.00016090104585679806    
0.18434382194934765    0.03085188027628549    0.03085188027628549    0.015502686108979277    0.07689946277820413    0.04620107444359171    0.12294704528012278    0.07689946277820413    0.04620107444359171    0.07689946277820413    0.19969301611665385    0.04620107444359171    0.00015349194167306216    0.015502686108979277    0.03085188027628549    
0.037554585152838424    0.06250779787897691    0.06250779787897691    0.0874610106051154    0.025077978789769178    0.025077978789769178    0.0874610106051154    0.07498440424204615    0.09993761696818465    0.07498440424204615    0.0874610106051154    0.06250779787897691    0.07498440424204615    0.050031191515907666    0.0874610106051154    
0.0002372479240806643    0.11886120996441281    0.04768683274021352    0.0002372479240806643    0.09513641755634639    0.4747330960854093    0.0002372479240806643    0.0002372479240806643    0.023962040332147095    0.0002372479240806643    0.04768683274021352    0.07141162514827995    0.0002372479240806643    0.0002372479240806643    0.11886120996441281    
0.027107215104517864    0.04059339177343223    0.14848280512474712    0.027107215104517864    0.027107215104517864    0.027107215104517864    0.06756574511126096    0.16196898179366148    0.00013486176668914363    0.06756574511126096    0.027107215104517864    0.09453809844908967    0.10802427511800404    0.1215104517869184    0.054079568442346584    
0.10286133528980189    0.029493763756419655    0.0001467351430667645    0.014820249449743212    0.029493763756419655    0.0001467351430667645    0.029493763756419655    0.22024944974321348    0.10286133528980189    0.0441672780630961    0.08818782098312544    0.0441672780630961    0.058840792369772556    0.11753484959647835    0.11753484959647835    
0.12684085510688836    0.1110055423594616    0.07933491686460807    0.12684085510688836    0.01599366587490103    0.03182897862232779    0.07933491686460807    0.01599366587490103    0.01599366587490103    0.03182897862232779    0.04766429136975455    0.04766429136975455    0.04766429136975455    0.09517022961203483    0.12684085510688836    
0.40207900207900205    0.1803187803187803    0.05557865557865557    0.0001386001386001386    0.013998613998613997    0.013998613998613997    0.05557865557865557    0.027858627858627853    0.12487872487872487    0.0001386001386001386    0.05557865557865557    0.0001386001386001386    0.027858627858627853    0.027858627858627853    0.013998613998613997    
0.05134099616858237    0.05134099616858237    0.0002554278416347382    0.0002554278416347382    0.025798212005108557    0.17905491698595147    0.05134099616858237    0.07688378033205619    0.4600255427841635    0.0002554278416347382    0.025798212005108557    0.025798212005108557    0.05134099616858237    0.0002554278416347382    0.0002554278416347382    
0.014195361911454672    0.014195361911454672    0.014195361911454672    0.05635980323260716    0.46394940267041457    0.07041461700632466    0.042304989458889664    0.00014054813773717496    0.07041461700632466    0.12663387210119464    0.014195361911454672    0.014195361911454672    0.05635980323260716    0.042304989458889664    0.00014054813773717496    
0.1536454336147352    0.00015349194167306216    0.015502686108979277    0.015502686108979277    0.12294704528012278    0.07689946277820413    0.09224865694551035    0.03085188027628549    0.24574059861857253    0.03085188027628549    0.09224865694551035    0.04620107444359171    0.03085188027628549    0.03085188027628549    0.015502686108979277    
0.06522210184182015    0.021885157096424704    0.06522210184182015    0.06522210184182015    0.043553629469122425    0.08689057421451787    0.043553629469122425    0.17356446370530879    0.00021668472372697725    0.043553629469122425    0.1085590465872156    0.06522210184182015    0.13022751895991333    0.021885157096424704    0.06522210184182015    
0.08105192178017531    0.027107215104517864    0.06756574511126096    0.027107215104517864    0.06756574511126096    0.16196898179366148    0.013621038435603505    0.06756574511126096    0.09453809844908967    0.09453809844908967    0.08105192178017531    0.013621038435603505    0.10802427511800404    0.027107215104517864    0.06756574511126096    
0.03242375601926164    0.00032102728731942215    0.00032102728731942215    0.03242375601926164    0.03242375601926164    0.06452648475120384    0.1608346709470305    0.03242375601926164    0.00032102728731942215    0.4176565008025682    0.00032102728731942215    0.03242375601926164    0.00032102728731942215    0.06452648475120384    0.12873194221508827    
0.00029282576866764275    0.02957540263543192    0.05885797950219619    0.43953147877013177    0.20527086383601756    0.00029282576866764275    0.00029282576866764275    0.00029282576866764275    0.00029282576866764275    0.00029282576866764275    0.00029282576866764275    0.146705710102489    0.00029282576866764275    0.00029282576866764275    0.11742313323572474    
0.0999168744804655    0.05004156275976725    0.00016625103906899418    0.03341645885286783    0.03341645885286783    0.016791354945968413    0.06666666666666667    0.016791354945968413    0.00016625103906899418    0.06666666666666667    0.016791354945968413    0.4822942643391522    0.03341645885286783    0.016791354945968413    0.06666666666666667    
0.03234111021721641    0.016251005631536607    0.03234111021721641    0.17715205148833468    0.00016090104585679806    0.06452131938857603    0.08061142397425583    0.28978278358809334    0.00016090104585679806    0.08061142397425583    0.00016090104585679806    0.03234111021721641    0.048431214802896215    0.03234111021721641    0.11279163314561545    
0.06061980347694632    0.045502645502645496    0.045502645502645496    0.09085411942554798    0.06061980347694632    0.045502645502645496    0.09085411942554798    0.36296296296296293    0.01526832955404384    0.06061980347694632    0.030385487528344666    0.01526832955404384    0.01526832955404384    0.01526832955404384    0.045502645502645496    
0.01651676206050695    0.049223221586263285    0.03286999182338512    0.08192968111201962    0.18004905968928864    0.01651676206050695    0.06557645134914146    0.16369582992641046    0.049223221586263285    0.03286999182338512    0.01651676206050695    0.08192968111201962    0.06557645134914146    0.06557645134914146    0.08192968111201962    
0.0002844950213371266    0.0002844950213371266    0.0002844950213371266    0.0002844950213371266    0.02873399715504979    0.11408250355618776    0.0002844950213371266    0.05718349928876244    0.02873399715504979    0.6261735419630157    0.02873399715504979    0.0002844950213371266    0.0002844950213371266    0.11408250355618776    0.0002844950213371266    
0.03802905874921036    0.05066329753632343    0.02539481996209728    0.00012634238787113077    0.07593177511054958    0.45495893872394183    0.00012634238787113077    0.0632975363234365    0.0632975363234365    0.0632975363234365    0.00012634238787113077    0.03802905874921036    0.00012634238787113077    0.03802905874921036    0.08856601389766265    
0.1932421560740145    0.016251005631536607    0.016251005631536607    0.06452131938857603    0.00016090104585679806    0.00016090104585679806    0.2254223652453741    0.00016090104585679806    0.00016090104585679806    0.12888173773129524    0.06452131938857603    0.12888173773129524    0.09670152855993563    0.03234111021721641    0.03234111021721641    
0.048431214802896215    0.048431214802896215    0.11279163314561545    0.00016090104585679806    0.12888173773129524    0.12888173773129524    0.00016090104585679806    0.06452131938857603    0.08061142397425583    0.09670152855993563    0.06452131938857603    0.11279163314561545    0.03234111021721641    0.00016090104585679806    0.08061142397425583    
0.0714031971580817    0.1424511545293073    0.0003552397868561279    0.0714031971580817    0.0714031971580817    0.035879218472468916    0.0714031971580817    0.10692717584369449    0.0714031971580817    0.035879218472468916    0.1424511545293073    0.0714031971580817    0.035879218472468916    0.035879218472468916    0.035879218472468916    
0.00020768431983385254    0.00020768431983385254    0.08328141225337486    0.5609553478712358    0.00020768431983385254    0.16635514018691588    0.00020768431983385254    0.04174454828660436    0.00020768431983385254    0.00020768431983385254    0.00020768431983385254    0.00020768431983385254    0.00020768431983385254    0.08328141225337486    0.06251298026998961    
0.026395272488509515    0.10518713066316479    0.03952724885095206    0.09205515430072225    0.03952724885095206    0.0789231779382797    0.03952724885095206    0.03952724885095206    0.013263296126066972    0.013263296126066972    0.03952724885095206    0.013263296126066972    0.15771503611293497    0.22337491792514774    0.0789231779382797    
0.015502686108979277    0.015502686108979277    0.09224865694551035    0.04620107444359171    0.015502686108979277    0.015502686108979277    0.3378357636224098    0.138296239447429    0.00015349194167306216    0.03085188027628549    0.03085188027628549    0.1536454336147352    0.07689946277820413    0.00015349194167306216    0.03085188027628549    
0.09224865694551035    0.18434382194934765    0.04620107444359171    0.07689946277820413    0.03085188027628549    0.00015349194167306216    0.04620107444359171    0.09224865694551035    0.03085188027628549    0.00015349194167306216    0.03085188027628549    0.04620107444359171    0.06155026861089792    0.18434382194934765    0.07689946277820413    
0.0799733865602129    0.1465069860279441    0.0001330671989354624    0.02674650698602794    0.0799733865602129    0.15981370592149033    0.06666666666666665    0.05335994677312042    0.05335994677312042    0.04005322687957418    0.013439787092481703    0.0001330671989354624    0.13320026613439787    0.05335994677312042    0.09328010645375914    
0.1536454336147352    0.07689946277820413    0.09224865694551035    0.06155026861089792    0.06155026861089792    0.015502686108979277    0.00015349194167306216    0.138296239447429    0.00015349194167306216    0.09224865694551035    0.04620107444359171    0.09224865694551035    0.07689946277820413    0.04620107444359171    0.04620107444359171    
0.040079760717846455    0.020139581256231307    0.06001994017946161    0.13978065802592224    0.020139581256231307    0.25942173479561315    0.11984047856430707    0.00019940179461615156    0.06001994017946161    0.06001994017946161    0.00019940179461615156    0.00019940179461615156    0.06001994017946161    0.06001994017946161    0.09990029910269192    
0.00014461315979754158    0.00014461315979754158    0.00014461315979754158    0.057989877078814166    0.00014461315979754158    0.10137382501807664    0.029067245119305852    0.08691250903832248    0.07245119305856831    0.029067245119305852    0.029067245119305852    0.5207519884309472    0.04352856109906001    0.014605929139551698    0.014605929139551698    
0.11101871101871101    0.0001386001386001386    0.12487872487872487    0.08329868329868328    0.13873873873873874    0.0001386001386001386    0.027858627858627853    0.08329868329868328    0.13873873873873874    0.11101871101871101    0.06943866943866943    0.013998613998613997    0.04171864171864171    0.05557865557865557    0.0001386001386001386    
0.0441672780630961    0.0001467351430667645    0.029493763756419655    0.14688187820983123    0.029493763756419655    0.22024944974321348    0.08818782098312544    0.073514306676449    0.10286133528980189    0.0001467351430667645    0.0001467351430667645    0.0441672780630961    0.073514306676449    0.0441672780630961    0.10286133528980189    
0.138296239447429    0.06155026861089792    0.09224865694551035    0.04620107444359171    0.03085188027628549    0.07689946277820413    0.03085188027628549    0.04620107444359171    0.04620107444359171    0.03085188027628549    0.07689946277820413    0.12294704528012278    0.04620107444359171    0.09224865694551035    0.06155026861089792    
0.07314702308626975    0.02454434993924666    0.02454434993924666    0.00024301336573511544    0.09744835965978128    0.19465370595382747    0.048845686512758196    0.00024301336573511544    0.00024301336573511544    0.14605103280680437    0.2675577156743621    0.02454434993924666    0.00024301336573511544    0.048845686512758196    0.048845686512758196    
0.11831910702560734    0.013263296126066972    0.026395272488509515    0.10518713066316479    0.013263296126066972    0.06579120157583715    0.1314510833880499    0.0789231779382797    0.03952724885095206    0.10518713066316479    0.05265922521339461    0.03952724885095206    0.0789231779382797    0.11831910702560734    0.013263296126066972    
0.05004156275976725    0.03341645885286783    0.0999168744804655    0.00016625103906899418    0.016791354945968413    0.08329177057356608    0.016791354945968413    0.36591853699085625    0.00016625103906899418    0.08329177057356608    0.11654197838736492    0.03341645885286783    0.016791354945968413    0.03341645885286783    0.05004156275976725    
0.10516185476815398    0.15765529308836396    0.03517060367454068    0.03517060367454068    0.03517060367454068    0.03517060367454068    0.19265091863517061    0.01767279090113736    0.03517060367454068    0.07016622922134733    0.052668416447944004    0.01767279090113736    0.08766404199475065    0.07016622922134733    0.052668416447944004    
0.01798753339269813    0.10703472840605521    0.01798753339269813    0.035796972395369546    0.12484416740872663    0.035796972395369546    0.4276046304541407    0.07141585040071237    0.01798753339269813    0.00017809439002671417    0.01798753339269813    0.01798753339269813    0.10703472840605521    0.00017809439002671417    0.00017809439002671417    
0.05481886534518113    0.013807245386192754    0.05481886534518113    0.06848940533151059    0.12317156527682842    0.02747778537252221    0.0001367053998632946    0.10950102529049896    0.12317156527682842    0.08215994531784004    0.04114832535885167    0.10950102529049896    0.05481886534518113    0.06848940533151059    0.06848940533151059    
0.02236987818383167    0.04451827242524917    0.17740863787375416    0.04451827242524917    0.04451827242524917    0.02236987818383167    0.02236987818383167    0.04451827242524917    0.08881506090808416    0.04451827242524917    0.19955703211517165    0.08881506090808416    0.15526024363233665    0.00022148394241417498    0.00022148394241417498    
0.06522210184182015    0.06522210184182015    0.043553629469122425    0.08689057421451787    0.021885157096424704    0.043553629469122425    0.06522210184182015    0.043553629469122425    0.00021668472372697725    0.021885157096424704    0.23856988082340194    0.06522210184182015    0.00021668472372697725    0.1085590465872156    0.13022751895991333    
0.4510083036773429    0.0002372479240806643    0.0002372479240806643    0.023962040332147095    0.09513641755634639    0.04768683274021352    0.07141162514827995    0.11886120996441281    0.0002372479240806643    0.023962040332147095    0.0002372479240806643    0.023962040332147095    0.07141162514827995    0.04768683274021352    0.023962040332147095    
0.0002372479240806643    0.40355871886121003    0.0002372479240806643    0.0002372479240806643    0.0002372479240806643    0.023962040332147095    0.023962040332147095    0.11886120996441281    0.04768683274021352    0.04768683274021352    0.2612099644128114    0.023962040332147095    0.0002372479240806643    0.04768683274021352    0.0002372479240806643    
0.06063348416289592    0.030467571644042235    0.030467571644042235    0.09079939668174962    0.030467571644042235    0.151131221719457    0.1812971342383107    0.030467571644042235    0.00030165912518853697    0.00030165912518853697    0.030467571644042235    0.12096530920060332    0.030467571644042235    0.030467571644042235    0.1812971342383107    
0.07445565586829526    0.085077004779607    0.09569835369091874    0.09569835369091874    0.10631970260223048    0.04259160913436006    0.1700477960701009    0.04259160913436006    0.06383430695698353    0.021348911311736586    0.010727562400424854    0.085077004779607    0.0532129580456718    0.03197026022304832    0.021348911311736586    
0.05558633425669437    0.18485687903970452    0.0371191135734072    0.07405355493998153    0.0371191135734072    0.018651892890120036    0.05558633425669437    0.0371191135734072    0.0925207756232687    0.11098799630655586    0.05558633425669437    0.07405355493998153    0.0371191135734072    0.07405355493998153    0.05558633425669437    
0.03929618768328445    0.03929618768328445    0.00019550342130987292    0.11749755620723362    0.1761485826001955    0.03929618768328445    0.25434995112414466    0.05884652981427175    0.019745845552297164    0.00019550342130987292    0.019745845552297164    0.019745845552297164    0.13704789833822092    0.00019550342130987292    0.07839687194525904    
0.02287655719139298    0.00022650056625141563    0.00022650056625141563    0.1361268403171008    0.00022650056625141563    0.09082672706681766    0.02287655719139298    0.02287655719139298    0.20407701019252547    0.00022650056625141563    0.045526613816534535    0.36262740656851644    0.00022650056625141563    0.00022650056625141563    0.09082672706681766    
0.4133657351154314    0.07314702308626975    0.12174969623329283    0.00024301336573511544    0.00024301336573511544    0.00024301336573511544    0.00024301336573511544    0.02454434993924666    0.02454434993924666    0.09744835965978128    0.00024301336573511544    0.02454434993924666    0.19465370595382747    0.00024301336573511544    0.02454434993924666    
0.00019550342130987292    0.00019550342130987292    0.05884652981427175    0.00019550342130987292    0.019745845552297164    0.00019550342130987292    0.00019550342130987292    0.019745845552297164    0.00019550342130987292    0.5671554252199414    0.11749755620723362    0.07839687194525904    0.07839687194525904    0.00019550342130987292    0.05884652981427175    
0.08329177057356608    0.016791354945968413    0.11654197838736492    0.03341645885286783    0.05004156275976725    0.03341645885286783    0.05004156275976725    0.016791354945968413    0.05004156275976725    0.00016625103906899418    0.05004156275976725    0.016791354945968413    0.38254364089775567    0.06666666666666667    0.03341645885286783    
0.050887573964497036    0.06779374471682163    0.08469991546914624    0.03398140321217244    0.017075232459847847    0.20304311073541842    0.017075232459847847    0.11851225697379543    0.16923076923076924    0.050887573964497036    0.06779374471682163    0.000169061707523246    0.03398140321217244    0.03398140321217244    0.050887573964497036    
0.10335339638865004    0.05176268271711092    0.13774720550300945    0.08615649183147034    0.08615649183147034    0.1721410146173689    0.05176268271711092    0.017368873602751505    0.12055030094582975    0.05176268271711092    0.06895958727429062    0.00017196904557179707    0.00017196904557179707    0.03456577815993121    0.017368873602751505    
0.3323843416370107    0.0002372479240806643    0.0002372479240806643    0.0002372479240806643    0.2849347568208778    0.1900355871886121    0.04768683274021352    0.023962040332147095    0.0002372479240806643    0.023962040332147095    0.0002372479240806643    0.0002372479240806643    0.023962040332147095    0.04768683274021352    0.023962040332147095    
0.03242375601926164    0.00032102728731942215    0.12873194221508827    0.22504012841091492    0.00032102728731942215    0.3534510433386838    0.00032102728731942215    0.03242375601926164    0.00032102728731942215    0.00032102728731942215    0.06452648475120384    0.12873194221508827    0.03242375601926164    0.00032102728731942215    0.00032102728731942215    
0.05884652981427175    0.11749755620723362    0.09794721407624633    0.07839687194525904    0.09794721407624633    0.019745845552297164    0.11749755620723362    0.03929618768328445    0.03929618768328445    0.019745845552297164    0.05884652981427175    0.13704789833822092    0.05884652981427175    0.019745845552297164    0.03929618768328445    
0.05889212827988339    0.0005830903790087465    0.17551020408163265    0.0005830903790087465    0.0005830903790087465    0.0005830903790087465    0.0005830903790087465    0.2338192419825073    0.05889212827988339    0.2338192419825073    0.0005830903790087465    0.11720116618075802    0.0005830903790087465    0.05889212827988339    0.05889212827988339    
0.07271078875793291    0.00018132366273798732    0.05457842248413418    0.05457842248413418    0.10897552130553037    0.03644605621033545    0.10897552130553037    0.07271078875793291    0.1815049864007253    0.00018132366273798732    0.07271078875793291    0.03644605621033545    0.018313689936536717    0.07271078875793291    0.10897552130553037    
0.04262990455991516    0.1698833510074231    0.06383881230116649    0.04262990455991516    0.12746553552492046    0.04262990455991516    0.06383881230116649    0.02142099681866384    0.1486744432661718    0.04262990455991516    0.00021208907741251327    0.00021208907741251327    0.08504772004241781    0.06383881230116649    0.08504772004241781    
0.0002691790040376851    0.02718707940780619    0.054104979811574694    0.054104979811574694    0.0002691790040376851    0.054104979811574694    0.0002691790040376851    0.16177658142664872    0.0002691790040376851    0.1079407806191117    0.08102288021534321    0.29636608344549126    0.0002691790040376851    0.08102288021534321    0.08102288021534321    
0.05481886534518113    0.05481886534518113    0.06848940533151059    0.05481886534518113    0.13684210526315788    0.0958304853041695    0.04114832535885167    0.04114832535885167    0.06848940533151059    0.04114832535885167    0.05481886534518113    0.08215994531784004    0.10950102529049896    0.06848940533151059    0.02747778537252221    
0.00021208907741251327    0.00021208907741251327    0.04262990455991516    0.00021208907741251327    0.12746553552492046    0.04262990455991516    0.04262990455991516    0.2971367974549311    0.19109225874867444    0.00021208907741251327    0.02142099681866384    0.02142099681866384    0.06383881230116649    0.1486744432661718    0.00021208907741251327    
0.05481886534518113    0.10950102529049896    0.0958304853041695    0.05481886534518113    0.04114832535885167    0.013807245386192754    0.06848940533151059    0.08215994531784004    0.10950102529049896    0.013807245386192754    0.04114832535885167    0.05481886534518113    0.013807245386192754    0.1641831852358168    0.08215994531784004    
0.03644605621033545    0.018313689936536717    0.05457842248413418    0.05457842248413418    0.018313689936536717    0.10897552130553037    0.00018132366273798732    0.09084315503173164    0.16337262012692658    0.16337262012692658    0.018313689936536717    0.14524025385312783    0.03644605621033545    0.05457842248413418    0.03644605621033545    
0.057989877078814166    0.1447577729573391    0.1158351409978308    0.04352856109906001    0.029067245119305852    0.08691250903832248    0.014605929139551698    0.10137382501807664    0.04352856109906001    0.057989877078814166    0.07245119305856831    0.20260303687635572    0.014605929139551698    0.014605929139551698    0.00014461315979754158    
0.07544684854186265    0.16952022577610537    0.019002822201317028    0.03781749764816557    0.05663217309501411    0.03781749764816557    0.03781749764816557    0.07544684854186265    0.019002822201317028    0.03781749764816557    0.03781749764816557    0.019002822201317028    0.225964252116651    0.019002822201317028    0.13189087488240828    
0.00020768431983385254    0.31173416407061266    0.02097611630321911    0.00020768431983385254    0.12481827622014538    0.02097611630321911    0.10404984423676013    0.02097611630321911    0.08328141225337486    0.04174454828660436    0.04174454828660436    0.08328141225337486    0.02097611630321911    0.08328141225337486    0.04174454828660436    
0.02873399715504979    0.25633001422475105    0.11408250355618776    0.0002844950213371266    0.0002844950213371266    0.14253200568990043    0.0002844950213371266    0.11408250355618776    0.25633001422475105    0.02873399715504979    0.0002844950213371266    0.02873399715504979    0.02873399715504979    0.0002844950213371266    0.0002844950213371266    
0.08329177057356608    0.03341645885286783    0.03341645885286783    0.00016625103906899418    0.0999168744804655    0.08329177057356608    0.03341645885286783    0.016791354945968413    0.0999168744804655    0.016791354945968413    0.05004156275976725    0.05004156275976725    0.26616791354945973    0.03341645885286783    0.0999168744804655    
0.0441672780630961    0.073514306676449    0.058840792369772556    0.058840792369772556    0.08818782098312544    0.058840792369772556    0.0001467351430667645    0.058840792369772556    0.073514306676449    0.08818782098312544    0.058840792369772556    0.14688187820983123    0.058840792369772556    0.08818782098312544    0.0441672780630961    
0.06383430695698353    0.021348911311736586    0.24439723844928307    0.021348911311736586    0.03197026022304832    0.04259160913436006    0.07445565586829526    0.18066914498141265    0.07445565586829526    0.07445565586829526    0.010727562400424854    0.010727562400424854    0.04259160913436006    0.03197026022304832    0.07445565586829526    
0.00029282576866764275    0.02957540263543192    0.05885797950219619    0.11742313323572474    0.05885797950219619    0.23455344070278183    0.00029282576866764275    0.05885797950219619    0.146705710102489    0.00029282576866764275    0.02957540263543192    0.11742313323572474    0.08814055636896047    0.02957540263543192    0.02957540263543192    
0.11610660486674391    0.04658169177288528    0.0929316338354577    0.0002317497103128621    0.04658169177288528    0.2551564310544612    0.0002317497103128621    0.023406720741599073    0.0929316338354577    0.0002317497103128621    0.0929316338354577    0.0929316338354577    0.06975666280417149    0.04658169177288528    0.023406720741599073    
0.2065348237317283    0.06895958727429062    0.017368873602751505    0.00017196904557179707    0.03456577815993121    0.05176268271711092    0.05176268271711092    0.03456577815993121    0.10335339638865004    0.00017196904557179707    0.08615649183147034    0.10335339638865004    0.08615649183147034    0.13774720550300945    0.017368873602751505    
0.019745845552297164    0.019745845552297164    0.019745845552297164    0.00019550342130987292    0.03929618768328445    0.23479960899315738    0.1565982404692082    0.03929618768328445    0.25434995112414466    0.00019550342130987292    0.00019550342130987292    0.05884652981427175    0.03929618768328445    0.07839687194525904    0.03929618768328445    
0.019002822201317028    0.00018814675446848542    0.00018814675446848542    0.11307619943555973    0.3764816556914394    0.00018814675446848542    0.00018814675446848542    0.05663217309501411    0.00018814675446848542    0.019002822201317028    0.11307619943555973    0.1883349012229539    0.05663217309501411    0.03781749764816557    0.019002822201317028    
0.00017809439002671417    0.035796972395369546    0.035796972395369546    0.035796972395369546    0.00017809439002671417    0.12484416740872663    0.07141585040071237    0.07141585040071237    0.10703472840605521    0.16046304541406944    0.12484416740872663    0.05360641139804096    0.00017809439002671417    0.12484416740872663    0.05360641139804096    
0.08615649183147034    0.03456577815993121    0.1893379191745486    0.10335339638865004    0.10335339638865004    0.05176268271711092    0.017368873602751505    0.06895958727429062    0.12055030094582975    0.017368873602751505    0.03456577815993121    0.03456577815993121    0.05176268271711092    0.06895958727429062    0.017368873602751505    
0.017368873602751505    0.06895958727429062    0.03456577815993121    0.08615649183147034    0.3957007738607051    0.00017196904557179707    0.03456577815993121    0.03456577815993121    0.00017196904557179707    0.017368873602751505    0.05176268271711092    0.08615649183147034    0.06895958727429062    0.05176268271711092    0.05176268271711092    
0.0371191135734072    0.05558633425669437    0.0371191135734072    0.18485687903970452    0.07405355493998153    0.05558633425669437    0.0925207756232687    0.0925207756232687    0.018651892890120036    0.018651892890120036    0.14792243767313018    0.07405355493998153    0.018651892890120036    0.07405355493998153    0.018651892890120036    
0.3067688378033206    0.025798212005108557    0.0002554278416347382    0.07688378033205619    0.07688378033205619    0.15351213282247764    0.0002554278416347382    0.0002554278416347382    0.025798212005108557    0.025798212005108557    0.025798212005108557    0.17905491698595147    0.0002554278416347382    0.05134099616858237    0.05134099616858237    
0.030385487528344666    0.01526832955404384    0.045502645502645496    0.030385487528344666    0.27226001511715797    0.09085411942554798    0.10597127739984881    0.13620559334845048    0.06061980347694632    0.0001511715797430083    0.07573696145124716    0.0001511715797430083    0.045502645502645496    0.06061980347694632    0.030385487528344666    
0.040159045725646124    0.00039761431411530816    0.00039761431411530816    0.1992047713717694    0.07992047713717694    0.39801192842942346    0.00039761431411530816    0.040159045725646124    0.00039761431411530816    0.00039761431411530816    0.11968190854870775    0.00039761431411530816    0.00039761431411530816    0.07992047713717694    0.040159045725646124    
0.1325522159959246    0.00010188487009679063    0.0510443199184921    0.030667345899133974    0.00010188487009679063    0.02047885888945491    0.09179826795720834    0.010290371879775852    0.00010188487009679063    0.11217524197656648    0.030667345899133974    0.4483953132959755    0.010290371879775852    0.00010188487009679063    0.06123280692817116    
0.030385487528344666    0.16643990929705213    0.0001511715797430083    0.06061980347694632    0.045502645502645496    0.0001511715797430083    0.06061980347694632    0.18155706727135296    0.030385487528344666    0.045502645502645496    0.19667422524565378    0.07573696145124716    0.030385487528344666    0.01526832955404384    0.06061980347694632    
0.023962040332147095    0.04768683274021352    0.04768683274021352    0.11886120996441281    0.0002372479240806643    0.23748517200474495    0.04768683274021352    0.04768683274021352    0.07141162514827995    0.04768683274021352    0.023962040332147095    0.04768683274021352    0.14258600237247923    0.023962040332147095    0.07141162514827995    
0.07573696145124716    0.01526832955404384    0.06061980347694632    0.01526832955404384    0.045502645502645496    0.030385487528344666    0.4234315948601663    0.030385487528344666    0.045502645502645496    0.01526832955404384    0.01526832955404384    0.10597127739984881    0.01526832955404384    0.06061980347694632    0.045502645502645496    
0.00030165912518853697    0.6337858220211162    0.030467571644042235    0.00030165912518853697    0.030467571644042235    0.00030165912518853697    0.06063348416289592    0.00030165912518853697    0.030467571644042235    0.00030165912518853697    0.09079939668174962    0.09079939668174962    0.00030165912518853697    0.030467571644042235    0.00030165912518853697    
0.014397719173200284    0.028652886671418385    0.014397719173200284    0.09992872416250889    0.0714183891660727    0.05716322166785459    0.014397719173200284    0.014397719173200284    0.18545972915181752    0.05716322166785459    0.00014255167498218103    0.29950106913756236    0.028652886671418385    0.028652886671418385    0.0856735566642908    
0.030385487528344666    0.0001511715797430083    0.06061980347694632    0.045502645502645496    0.045502645502645496    0.06061980347694632    0.19667422524565378    0.030385487528344666    0.1513227513227513    0.045502645502645496    0.01526832955404384    0.24202569916855632    0.030385487528344666    0.01526832955404384    0.030385487528344666    
0.07496886674968867    0.025155666251556665    0.5980074719800748    0.12478206724782068    0.00024906600249066    0.00024906600249066    0.00024906600249066    0.025155666251556665    0.025155666251556665    0.00024906600249066    0.00024906600249066    0.00024906600249066    0.12478206724782068    0.00024906600249066    0.00024906600249066    
0.06522210184182015    0.00021668472372697725    0.15189599133261106    0.00021668472372697725    0.021885157096424704    0.00021668472372697725    0.021885157096424704    0.08689057421451787    0.00021668472372697725    0.06522210184182015    0.13022751895991333    0.1085590465872156    0.3252437703141929    0.00021668472372697725    0.021885157096424704    
0.10802427511800404    0.04059339177343223    0.054079568442346584    0.013621038435603505    0.04059339177343223    0.027107215104517864    0.06756574511126096    0.08105192178017531    0.13499662845583277    0.00013486176668914363    0.09453809844908967    0.09453809844908967    0.054079568442346584    0.054079568442346584    0.13499662845583277    
0.039014906027219694    0.039014906027219694    0.12974724562540504    0.026053143227478932    0.11678548282566428    0.039014906027219694    0.12974724562540504    0.05197666882696046    0.026053143227478932    0.039014906027219694    0.06493843162670122    0.06493843162670122    0.05197666882696046    0.09086195722618275    0.09086195722618275    
0.0371191135734072    0.0371191135734072    0.07405355493998153    0.018651892890120036    0.11098799630655586    0.07405355493998153    0.0371191135734072    0.018651892890120036    0.05558633425669437    0.05558633425669437    0.05558633425669437    0.018651892890120036    0.240258541089566    0.05558633425669437    0.11098799630655586    
0.00022148394241417498    0.13311184939091916    0.04451827242524917    0.02236987818383167    0.04451827242524917    0.02236987818383167    0.3102990033222591    0.06666666666666667    0.08881506090808416    0.02236987818383167    0.02236987818383167    0.11096345514950166    0.04451827242524917    0.06666666666666667    0.00022148394241417498    
0.016251005631536607    0.03234111021721641    0.08061142397425583    0.09670152855993563    0.08061142397425583    0.11279163314561545    0.03234111021721641    0.08061142397425583    0.03234111021721641    0.06452131938857603    0.09670152855993563    0.11279163314561545    0.016251005631536607    0.048431214802896215    0.09670152855993563    
